.Random.seed <-
c(403L, 10L, -406048330L, 92696305L, -1019311837L, 1149041522L, 
-1464815164L, 1676667271L, 336065373L, -2054521516L, 68398970L, 
104996549L, -1004924897L, -1355466842L, -150050512L, 1223771091L, 
2142042609L, -823632096L, -1540793922L, 628836809L, 1991716219L, 
137706314L, 1789143980L, 328012463L, 1385009253L, -1013243876L, 
-219763086L, 1248596205L, -1780539097L, 1205316942L, -969974360L, 
-913249877L, 518054601L, 1681720024L, -1296404602L, 2021417569L, 
1517673459L, 1832316514L, 357005524L, -2065497641L, 1363329997L, 
-1046952092L, -2101546166L, 1828590261L, -978943473L, 22545174L, 
-1436783168L, -952431229L, -1726299231L, -868893808L, 242378862L, 
182857241L, -568193365L, 1996395162L, 818818652L, -1284420769L, 
738813237L, -2015103796L, 766311970L, 480653437L, 967174519L, 
-1334294882L, -226843304L, -1583012677L, -1099253159L, 11108840L, 
-35679210L, 1474449L, 1354612803L, 1748281170L, 643140580L, -1263455705L, 
-576378243L, -1205259404L, -1381609638L, 1453115813L, -964303425L, 
1175623238L, 659354832L, 176025331L, 82253841L, 402677312L, 1679110686L, 
761167081L, 1908540955L, -717064662L, -344159924L, -200101105L, 
-61946299L, -1222008836L, 1124886098L, -1054057523L, 1135007111L, 
-1141272466L, 31131720L, -809186741L, 330966953L, 1865311992L, 
-1603055066L, -1425437887L, -1533628205L, 2131571842L, -1148620108L, 
1624933943L, -1513788115L, -159070652L, 1383381866L, 1883637717L, 
514957679L, -1453396874L, 680388512L, -276184989L, 1052558593L, 
529008752L, 328233998L, 1248912505L, 2017940491L, -92070598L, 
1938906172L, 264977279L, 1450272981L, 711273708L, -840915390L, 
-228804195L, -594641897L, 492241278L, 88643384L, 15155227L, 2005275001L, 
-331548728L, -2139366410L, -782455247L, 52111459L, 236677170L, 
262448516L, -1318638649L, 1412923037L, 1233901076L, -1483191110L, 
1700518149L, 999119583L, -896555162L, -600056080L, -2019834349L, 
-2044145743L, -2133280160L, 208447486L, 276907913L, -745172805L, 
-85480310L, -1903816852L, -1765376785L, -1715972315L, -341548580L, 
200687538L, -1899034963L, -1870905753L, 1901542798L, -486524312L, 
-1052772757L, 14209033L, -1825575272L, 45676998L, 2068564257L, 
-1122891341L, -1218095838L, -669511916L, 1252906903L, -1700284531L, 
251947684L, -430381942L, -734266635L, 53947727L, -1600370090L, 
-1151059712L, -1599128509L, 1306636257L, 668827472L, 2046022062L, 
659316569L, 92444011L, -219251494L, 317355420L, 521140639L, -1626153995L, 
1764309644L, 576761698L, -1241297091L, -359127113L, 1002398814L, 
-1080993384L, 71630075L, -824125287L, 2047740200L, 597995478L, 
1781791825L, -159115517L, 1840225938L, 1505492004L, 1708335847L, 
-934291651L, 1024419764L, 1569909786L, -1742612635L, 64399871L, 
2086626438L, 604833808L, 54434483L, 984865105L, 2140059904L, 
-530940962L, 717572137L, 1066434523L, 817970410L, 799812236L, 
-1113926193L, -1406768763L, -2090241476L, -210295022L, -802411507L, 
-2066913465L, 944391470L, -953944952L, -1650179701L, -749422231L, 
-1273859272L, 31874534L, 614377857L, 1293737235L, -1668306964L, 
-426432964L, -282091918L, -1571060880L, -404477660L, -779709896L, 
335786394L, 555112912L, 1808620988L, -2048337772L, -826884990L, 
194688448L, -1203838148L, -1156262768L, 757388066L, 1005252104L, 
-1405223668L, -706407012L, 316661266L, -1091712128L, 935183124L, 
-842198744L, 723913786L, 456104912L, -1981877652L, -141956556L, 
-1122878830L, -1400668832L, -1544013492L, 1927743456L, 679486882L, 
-2143375960L, -527849844L, -1664897604L, 1712557682L, -772449296L, 
1298323012L, 1936828504L, 1824331834L, 1486215280L, -1124440004L, 
-1173104364L, -1742646590L, -2072432928L, -315942788L, 1600941776L, 
-1843541598L, 789913640L, 1236593420L, -2115259972L, -1087851726L, 
-786056512L, 377177140L, 174884552L, 701752506L, 1425426064L, 
963890924L, -1196684716L, 1051435666L, 88248608L, -393963060L, 
2073268960L, -1140930366L, -824339416L, -1248999508L, -1292258628L, 
1997171698L, -1136562640L, 3348388L, 1071898040L, -170907814L, 
95158416L, -711863428L, -66092780L, -1317541566L, -1151330048L, 
1307954620L, -992204464L, 27629858L, -1727208888L, 1487505420L, 
-957143460L, 1475123666L, 494333440L, -1354085036L, 116538600L, 
-819578630L, 283352784L, 367606572L, 1087219956L, 209863058L, 
1830126944L, 2106516492L, 1289608416L, 1068536418L, -1279314776L, 
-818387892L, 1432801148L, -1375229646L, -2006539664L, -1358294204L, 
-2100515880L, -1486177414L, 1149532208L, 1051283388L, -1051764140L, 
289849410L, 174278304L, 7090876L, 1061643216L, 1220171106L, -1367793944L, 
808664268L, -833795588L, 1260899826L, 1169054848L, 1486399988L, 
-117476728L, 1322416954L, -1511750320L, -694795156L, 1116306836L, 
-1500149678L, -330256928L, 830661836L, -669397344L, 641302914L, 
1955238120L, -1364088084L, 950074684L, 1147504754L, -645148048L, 
2101565988L, 588073016L, 1640712474L, -1848494896L, -1493309124L, 
-788515948L, 1513002882L, 1567701952L, -68774340L, 790811024L, 
-29886430L, 666172680L, 55216268L, -1998110948L, -1648804718L, 
692317568L, -2011369452L, 1732339496L, -395536838L, 1155590608L, 
1497989484L, 1759292340L, -1753460206L, -451786784L, -968365620L, 
198215904L, 79156258L, 1046534952L, 113572364L, -989252804L, 
-98682894L, 1817559792L, -1877444028L, -268016040L, -889092294L, 
-1790339088L, -1767748932L, 1828680980L, 741637314L, 466455648L, 
-1191989892L, 516931536L, 1102698786L, -1451766104L, 503496588L, 
-750123844L, 1201423154L, 1913382464L, 717198516L, -598008760L, 
-1101472326L, -1060529648L, 1619746028L, 1792393556L, -800728302L, 
-2071239264L, -617917748L, -1146217888L, -1190799422L, -796306648L, 
1739538860L, -1273010884L, -1052646542L, -537373392L, 1233338148L, 
-561990344L, -1028253990L, -557328496L, 291234556L, 8518548L, 
66536514L, -458412800L, 1777446972L, -1697407664L, 1674417314L, 
-2071278776L, -1930723572L, -132350244L, 525559634L, -1798629760L, 
940224596L, 629969896L, -2090300678L, 1566137680L, -78600404L, 
4606836L, -468860014L, -2043332000L, -953225332L, 189605728L, 
-1766257694L, 1861143464L, 1455451340L, -693593604L, 53157810L, 
1068306654L, -1687564660L, 304114269L, -1625724825L, 561116560L, 
-361081426L, -1439731621L, 35518525L, -72130902L, -888116408L, 
1167605617L, 1741031651L, 1480028132L, -1996216558L, -748750105L, 
978295985L, 507252470L, -467912428L, -1820000731L, -188574929L, 
-2035510040L, -1722583610L, -2134223757L, 1385955029L, 55403698L, 
-1918572416L, 1173931113L, -2099801893L, 1832866860L, 1334955066L, 
-35792145L, -992803463L, 355654158L, -444904484L, -1137154995L, 
-1204226121L, -2083264192L, 145780766L, -3270933L, 1935259245L, 
1201307354L, -1100718440L, 739001601L, -1278809421L, 1375258068L, 
2110870754L, 1824218487L, 1833223361L, -106858426L, -883808380L, 
2136351029L, -1760370913L, -15461768L, 2047878998L, -1183111709L, 
406027173L, -1690711486L, -190199760L, -897799079L, 1403277771L, 
2129871420L, 926559338L, 601026207L, -760335575L, 1671282622L, 
-1826550100L, -165039107L, -878220473L, -1345598416L, 1621597518L, 
758257019L, 836522717L, 150319882L, -1637174744L, 161434257L, 
-283936125L, -1962267772L, -1145179726L, -1964175609L, -1621586607L, 
-872741674L, -1650396748L, -1293515323L, 12969231L, 1555850120L, 
1058802342L, 620755539L, 1444721589L, -1309937390L, 1682895584L, 
-681781431L, 1719314811L, -1646730164L, 2092357082L, -657426481L, 
-387282535L, 759441838L, 1605281468L, 244610861L, -1129229097L, 
1226792224L, -847467906L, 2144253003L, 428291661L, -1832989574L, 
-740102984L, -165738911L, 186702867L, -1781237196L, 569224258L, 
-615103401L, -1723854943L, -957939610L, -1652639644L, -1487252587L, 
1967133887L, -1859513256L, -1646243722L, -429318013L, -24465211L, 
1242598882L, 706262096L, 1381809529L, -1846902101L, -1186727396L, 
-226532022L, -1444037313L, 982875017L, 1851618206L, 106107468L, 
-427666403L, -899371609L, -1001021232L, 792482414L, -482505445L, 
-633121155L, 938382442L, -465755896L, -850135631L, 1066226211L, 
